c Modularity-based k-CNF Generator (V2.0). J. Giraldez-Cru and J. Levy
c   value n = 200
c   value m = 800
c   value k = 3
c   value Q = 0.8
c   value c = 5
c   value seed = 0
p cnf 200 800
-58 -76 -74 0
-53 50 -62 0
91 -100 -84 0
-27 13 -17 0
128 -150 143 0
84 -108 96 0
-103 99 -110 0
-137 132 -123 0
142 -160 145 0
-125 156 -131 0
52 -61 -77 0
91 117 82 0
-5 -8 17 0
-50 -74 -58 0
23 -26 -15 0
-165 -164 191 0
157 -139 -149 0
-132 155 -160 0
-37 -9 20 0
-67 -55 -60 0
-35 -19 28 0
103 -118 93 0
62 41 47 0
10 5 -20 0
192 -198 -178 0
76 -70 48 0
-58 74 67 0
-44 60 -65 0
53 -70 64 0
-9 -29 -36 0
197 164 -179 0
52 42 -76 0
125 149 -122 0
141 -155 125 0
188 -177 -184 0
86 -100 -97 0
-78 69 -76 0
-162 179 -196 0
-116 -114 99 0
-132 -129 -130 0
-164 -174 179 0
-25 19 -9 0
198 197 165 0
-24 11 -20 0
5 -31 -26 0
-187 -190 163 0
198 188 196 0
132 -143 149 0
-147 129 -141 0
-51 -46 -42 0
-39 -26 -1 0
187 -163 -186 0
-43 59 45 0
105 81 117 0
-180 191 -189 0
132 -122 131 0
181 164 -200 0
-197 200 -174 0
-151 -136 -127 0
-181 171 -165 0
97 -108 86 0
179 168 -173 0
100 -90 -97 0
108 -87 -102 0
82 96 100 0
-65 -60 -52 0
106 109 88 0
179 161 185 0
197 162 191 0
-93 -113 91 0
23 20 -1 0
154 -139 151 0
10 22 -20 0
116 -115 85 0
-194 -177 171 0
-23 20 5 0
22 8 -25 0
75 47 -60 0
83 107 105 0
109 89 -110 0
-159 139 157 0
129 -144 -134 0
131 -155 128 0
130 141 127 0
90 -111 104 0
138 134 -133 0
33 37 16 0
-90 -117 -101 0
61 65 69 0
29 -37 23 0
100 -84 120 0
-124 -141 -122 0
-160 152 -136 0
-173 -176 168 0
-170 -165 166 0
-136 138 -141 0
70 50 48 0
-116 104 105 0
-3 21 -22 0
-73 -62 -43 0
104 -82 -110 0
37 -8 -38 0
-27 -5 -18 0
-126 -159 -153 0
-27 -7 -35 0
99 -90 107 0
-91 -92 -81 0
-138 -148 -153 0
196 -193 -171 0
171 170 -190 0
2 -21 34 0
139 127 131 0
-58 -47 61 0
86 100 -98 0
24 -34 -19 0
90 -84 -88 0
-115 112 -90 0
-179 199 -186 0
194 -198 -162 0
-151 -140 138 0
-164 -183 195 0
-112 -103 83 0
112 98 116 0
-95 -92 108 0
62 58 61 0
-19 -6 -2 0
43 72 -60 0
179 181 182 0
93 100 -98 0
-65 -57 -44 0
178 185 -180 0
111 -117 81 0
4 -10 -5 0
15 12 16 0
190 -169 -194 0
3 -23 38 0
-135 127 -154 0
-144 -155 135 0
-178 -163 -176 0
-191 173 -175 0
76 58 52 0
-134 129 -126 0
-19 18 37 0
-11 19 -25 0
-74 46 70 0
172 -166 171 0
126 127 -156 0
161 -168 187 0
117 -102 106 0
-76 51 -79 0
93 117 100 0
-25 -13 -28 0
4 33 39 0
148 151 -134 0
163 168 165 0
33 5 -35 0
-127 -121 159 0
-103 84 -82 0
-125 153 -123 0
22 18 -6 0
57 70 -59 0
-134 148 -160 0
-78 41 -45 0
179 192 -177 0
-13 12 -30 0
-51 -57 65 0
161 179 190 0
75 59 -70 0
108 -104 -112 0
82 116 -91 0
15 31 -12 0
-95 102 -82 0
34 -23 22 0
-17 26 -5 0
-112 -98 -113 0
-67 -56 -58 0
-40 3 18 0
-75 -58 70 0
103 -102 107 0
3 12 -6 0
-11 -31 -24 0
-77 -61 -53 0
-160 -126 -131 0
-19 -4 -18 0
102 -111 116 0
16 11 -38 0
-123 -144 151 0
108 87 110 0
70 -71 49 0
129 131 154 0
-17 40 33 0
98 100 87 0
82 -96 89 0
-196 177 166 0
155 -129 149 0
-158 156 -153 0
1 6 -38 0
88 103 -102 0
-200 175 -182 0
38 -35 2 0
102 117 -93 0
83 120 -98 0
-136 147 132 0
-24 -12 -13 0
100 109 -112 0
-97 111 -102 0
106 -112 -110 0
44 72 73 0
79 68 45 0
-115 105 116 0
-53 -59 -50 0
-37 5 -1 0
186 -195 -167 0
-160 130 -136 0
-74 -71 -50 0
74 -65 56 0
-38 34 39 0
-36 -34 -29 0
-14 24 -7 0
-158 141 126 0
71 -44 -51 0
196 -165 163 0
-200 170 -165 0
152 137 144 0
144 -145 -157 0
27 12 8 0
-90 103 -109 0
-95 -88 119 0
-138 -128 -153 0
-103 86 -94 0
59 -62 74 0
181 194 166 0
31 30 40 0
-3 25 40 0
-63 51 41 0
150 141 -149 0
158 134 152 0
26 -11 -14 0
-151 -142 -148 0
-61 64 -56 0
-169 -195 187 0
-90 111 -94 0
144 -148 160 0
-180 192 185 0
7 36 -30 0
42 52 75 0
-83 -88 94 0
-183 -195 -165 0
180 184 -179 0
110 -106 85 0
-175 -180 -196 0
94 110 91 0
118 83 -90 0
-1 25 32 0
164 177 -173 0
-86 84 100 0
-139 128 141 0
-108 100 -112 0
-74 67 -69 0
67 68 53 0
-162 -181 -161 0
195 164 -198 0
198 -193 -172 0
166 197 169 0
-36 -23 -12 0
-200 -162 197 0
-61 46 64 0
50 -48 47 0
-91 117 -85 0
147 -140 131 0
-156 142 -143 0
104 -119 -111 0
114 112 -89 0
-172 -187 164 0
16 -21 -22 0
-75 79 -46 0
86 -113 87 0
-44 -62 66 0
60 -55 -65 0
-28 15 -14 0
181 171 -173 0
80 -71 74 0
39 -28 -22 0
-17 -21 25 0
121 133 -130 0
-20 -4 -16 0
-127 -125 -124 0
192 171 -180 0
-27 -23 26 0
68 48 45 0
80 52 54 0
-95 100 104 0
129 -148 160 0
149 155 121 0
-127 139 -153 0
136 131 -146 0
-107 -99 106 0
-134 -127 158 0
113 117 -87 0
-198 -181 -194 0
-84 116 112 0
-130 155 142 0
-164 166 185 0
-84 114 116 0
55 66 -58 0
89 90 -110 0
195 -197 186 0
27 -11 -13 0
170 193 -167 0
34 -29 -17 0
-147 141 -143 0
164 181 -189 0
56 -63 -65 0
27 39 6 0
175 187 -189 0
-104 87 -83 0
168 -171 195 0
56 65 -57 0
-106 92 -117 0
-158 -148 142 0
41 49 80 0
54 -45 69 0
123 -143 151 0
-147 -132 141 0
115 93 91 0
154 -140 -121 0
-134 -135 -143 0
-4 19 -32 0
132 146 -129 0
-124 140 138 0
-185 170 -187 0
112 -101 -92 0
98 -117 114 0
61 -75 52 0
157 135 -124 0
-98 -81 -108 0
34 -11 18 0
170 164 -171 0
110 96 103 0
-124 -136 -140 0
-17 14 21 0
-38 5 -8 0
-2 -27 -38 0
119 -89 90 0
119 81 -84 0
4 17 -28 0
-93 112 -116 0
129 -143 -136 0
-9 -17 -10 0
-128 -135 -154 0
64 50 -77 0
-81 93 -90 0
95 -87 120 0
94 82 -119 0
-159 140 -143 0
22 11 21 0
124 -121 -143 0
105 -88 120 0
15 -38 39 0
-1 -27 -15 0
106 109 -102 0
184 -161 193 0
-194 179 197 0
9 32 10 0
47 55 -59 0
-22 -6 30 0
-7 -13 -39 0
-1 -3 18 0
-142 -138 -128 0
90 99 -89 0
-151 -146 153 0
115 94 -108 0
31 22 6 0
-31 -21 35 0
-24 -22 15 0
32 24 1 0
179 -183 173 0
115 -86 109 0
-29 5 3 0
-163 168 -166 0
-3 -13 -29 0
51 41 -50 0
117 -110 -95 0
-109 83 -118 0
-58 -78 -61 0
-166 -175 183 0
150 157 -136 0
194 180 -165 0
-37 31 13 0
125 -144 -122 0
50 51 -61 0
-116 -108 -117 0
-80 79 58 0
-22 32 -35 0
18 7 17 0
-55 -74 57 0
80 58 -77 0
171 -168 -187 0
-128 -158 127 0
14 -38 -27 0
-93 -97 95 0
-96 -115 -111 0
89 -111 92 0
91 88 82 0
-170 -196 -164 0
72 61 -41 0
-9 -22 -37 0
-75 -70 69 0
103 -106 -83 0
-118 84 -110 0
76 -41 -67 0
110 103 109 0
169 -190 -174 0
127 -151 145 0
-197 -177 -185 0
199 181 165 0
36 -16 -11 0
51 43 -69 0
-180 199 -174 0
-170 192 178 0
97 -103 -115 0
-36 -31 -26 0
188 177 -199 0
81 -84 -83 0
95 -117 -114 0
35 -30 -8 0
96 -82 -114 0
-141 150 136 0
44 73 -48 0
-143 154 149 0
-57 71 60 0
162 -196 171 0
170 177 -169 0
-167 176 -174 0
-85 98 92 0
-5 19 -4 0
187 -162 -186 0
167 -190 -177 0
-27 -25 -4 0
-3 -36 -14 0
-11 26 -27 0
-104 -105 -111 0
9 2 -36 0
-2 -12 -25 0
52 69 -76 0
-156 122 157 0
-172 -163 -195 0
-22 5 -25 0
-116 -92 -94 0
41 -57 60 0
151 -149 127 0
-15 5 -37 0
-6 -14 -40 0
-1 5 -40 0
-85 84 91 0
-67 -51 75 0
133 149 -127 0
34 25 -11 0
-88 99 -81 0
188 -199 -174 0
93 96 -91 0
-189 161 -187 0
-46 67 44 0
-78 62 74 0
153 -150 121 0
29 22 37 0
-129 -143 152 0
-140 -144 -146 0
-63 53 48 0
192 -175 191 0
119 -98 -87 0
29 -27 -22 0
3 26 40 0
-159 -125 144 0
-6 30 -4 0
-53 76 54 0
31 -1 -30 0
-30 17 -18 0
75 45 59 0
179 185 -195 0
177 199 181 0
-147 144 -159 0
-11 22 -18 0
-169 173 -187 0
-20 4 30 0
-168 174 196 0
172 -200 185 0
164 167 185 0
108 97 -82 0
-2 -32 -4 0
-55 -58 76 0
-123 -138 -134 0
138 -155 159 0
-2 7 -5 0
144 -132 -153 0
186 185 -197 0
43 -41 67 0
-70 -55 -65 0
-122 -131 139 0
-100 -89 99 0
123 131 143 0
-169 182 176 0
-167 199 -197 0
-8 -15 3 0
23 18 -33 0
47 -52 -60 0
-170 187 180 0
91 -113 -84 0
160 -153 139 0
-94 116 104 0
166 190 -198 0
161 196 -193 0
-3 -21 -7 0
-70 65 -69 0
-9 -25 35 0
85 -113 -88 0
180 -194 -190 0
-171 169 -196 0
30 32 29 0
-138 -147 -129 0
130 -139 -144 0
-28 12 -30 0
121 152 145 0
67 -57 -62 0
123 -140 147 0
-165 184 -168 0
89 108 -117 0
200 172 173 0
-85 -107 -101 0
-150 -139 147 0
-70 -68 -43 0
-159 130 139 0
67 69 41 0
-135 143 140 0
176 196 -175 0
36 28 27 0
-136 144 -158 0
-109 84 101 0
-47 70 58 0
184 188 182 0
136 -138 151 0
71 -58 54 0
49 -65 78 0
160 -147 134 0
-70 58 56 0
16 23 18 0
54 -53 -75 0
-61 -75 -44 0
138 155 140 0
110 -94 -99 0
-166 185 194 0
105 -108 85 0
62 47 -69 0
-15 20 -37 0
-32 -27 1 0
113 118 84 0
41 51 48 0
152 -121 -158 0
131 -152 149 0
155 -158 -142 0
165 183 -195 0
180 -199 165 0
18 23 28 0
-181 -176 -187 0
-35 -21 -24 0
9 -17 20 0
94 106 -115 0
41 -68 63 0
200 -183 184 0
-58 -48 55 0
167 -191 -190 0
12 -38 14 0
146 125 -124 0
187 173 184 0
-73 -48 71 0
-78 -65 -74 0
115 -98 116 0
-121 148 -134 0
-120 94 113 0
99 -103 81 0
65 -67 62 0
-99 89 -118 0
-32 -31 8 0
-8 27 40 0
-157 125 130 0
187 200 -190 0
-141 -132 -125 0
10 5 -4 0
-16 23 -9 0
-69 -63 -48 0
-3 -17 32 0
119 -117 -108 0
-200 -181 -171 0
92 -117 83 0
-179 193 -183 0
-123 128 133 0
-15 -32 27 0
-25 9 4 0
115 118 105 0
37 16 -8 0
178 191 -164 0
159 131 -136 0
-22 36 -32 0
-9 -40 -24 0
-78 79 47 0
-12 11 -1 0
-143 -149 159 0
-2 -16 -1 0
38 -22 -16 0
144 -150 125 0
94 -117 -111 0
-8 -31 13 0
21 15 19 0
-60 80 -44 0
-162 193 187 0
-90 -84 -83 0
-96 117 -91 0
50 57 -59 0
-79 56 70 0
-81 -108 119 0
-138 -149 -151 0
-109 -86 118 0
18 30 -2 0
160 -157 130 0
-88 -94 -117 0
-109 -115 -91 0
-180 197 167 0
187 -173 189 0
86 -118 91 0
-90 102 84 0
44 -58 57 0
-190 173 -171 0
147 -124 -145 0
16 -20 15 0
-192 -170 194 0
-43 -56 58 0
-61 62 75 0
-24 16 -8 0
-154 -123 -141 0
188 -197 179 0
-130 154 138 0
111 -117 115 0
13 20 -22 0
139 143 159 0
-163 -171 -184 0
-108 -82 97 0
25 7 19 0
-6 -32 29 0
69 -52 51 0
114 100 112 0
53 67 -47 0
26 15 34 0
179 178 -197 0
114 83 -86 0
146 148 156 0
-30 -6 29 0
122 160 -157 0
-92 -105 91 0
29 -1 -32 0
178 161 -176 0
153 150 140 0
17 15 -24 0
15 2 5 0
-136 142 -150 0
-58 -70 41 0
178 -177 -167 0
-79 80 -63 0
25 27 33 0
-48 -62 78 0
-137 139 121 0
-137 127 150 0
-69 66 70 0
-72 58 76 0
54 -71 -53 0
-169 -173 164 0
62 47 67 0
-155 -151 -130 0
143 157 -145 0
-141 -156 -121 0
99 -101 -103 0
5 24 -31 0
-79 69 -68 0
103 -92 -113 0
103 87 -104 0
39 -19 38 0
150 -130 -159 0
-97 89 88 0
30 29 -4 0
198 192 -176 0
-195 -173 181 0
-31 -9 -22 0
-80 50 -41 0
-145 -158 134 0
-109 93 -96 0
53 -62 60 0
-55 47 80 0
-190 -185 -191 0
-22 11 -8 0
-144 153 149 0
-57 52 60 0
112 85 117 0
-104 97 86 0
95 -84 90 0
177 -178 -175 0
110 -120 117 0
128 146 123 0
-115 -98 -102 0
141 -127 157 0
30 -1 16 0
-101 95 -87 0
11 -17 23 0
13 -15 -12 0
101 82 -91 0
-191 -175 -187 0
88 -113 -98 0
70 -61 57 0
-33 -25 30 0
196 -181 -164 0
-5 30 -35 0
-161 171 199 0
86 97 103 0
132 -144 131 0
113 -92 115 0
-64 -57 74 0
67 -64 66 0
158 -133 127 0
-59 -41 -53 0
-123 -125 -139 0
149 -126 148 0
-129 158 148 0
-24 -20 31 0
67 -46 76 0
-112 83 106 0
-29 -39 -40 0
135 -148 -121 0
51 42 79 0
-14 -21 7 0
-79 63 -59 0
164 170 177 0
12 9 36 0
191 -178 -187 0
-28 34 13 0
-8 -32 4 0
97 -84 -90 0
176 190 -199 0
116 -84 99 0
98 94 -95 0
-26 16 29 0
-140 -157 137 0
76 71 78 0
59 52 -47 0
96 -84 118 0
36 -12 -39 0
107 99 -103 0
88 -114 -84 0
-118 99 110 0
-167 -165 -186 0
101 -100 -88 0
-25 5 -17 0
-56 -42 65 0
33 -38 -2 0
1 17 32 0
-86 109 -87 0
-91 -84 -92 0
-97 107 -98 0
-64 72 75 0
42 -72 -51 0
-63 76 68 0
-31 -12 6 0
78 -72 -70 0
114 90 -99 0
-132 -146 138 0
111 120 -89 0
132 -135 -149 0
-6 22 24 0
50 80 -73 0
18 -24 -10 0
-75 -80 44 0
-141 -154 148 0
-22 -33 2 0
-88 85 116 0
-45 -50 71 0
48 50 -51 0
-37 27 32 0
-172 -186 -163 0
136 -138 156 0
-88 96 118 0
-4 -39 27 0
-188 -162 -194 0
-142 138 -135 0
-189 -176 -196 0
111 -118 82 0
74 -73 -62 0
159 146 -137 0
193 164 -173 0
113 -119 83 0
-92 107 -91 0
-163 -189 -199 0
-5 29 30 0
168 -177 -165 0
